[color-chooser]
custom-colors=[(0.82666666666666677, 0.54841141141141159, 0.15155555555555558, 1.0), (1.0, 0.27058823529411763, 0.0, 1.0), (0.090196078431372548, 0.1803921568627451, 0.20784313725490197, 1.0), (0.11333333333333334, 0.11333333333333334, 0.11333333333333334, 1.0), (0.19215686274509805, 0.19215686274509805, 0.19215686274509805, 1.0), (0.0, 0.36078431372549019, 0.0, 1.0), (0.063333333333333339, 0.0052777777777777805, 0.0052777777777777805, 1.0), (0.031372549019607843, 0.031372549019607843, 0.031372549019607843, 1.0)]
selected-color=(true, 0.20784313725490197, 0.51764705882352946, 0.89411764705882357, 1.0)

[file-chooser]
date-format='regular'
location-mode='path-bar'
show-hidden=true
show-size-column=true
show-type-column=true
sidebar-width=314
sort-column='name'
sort-directories-first=true
sort-order='ascending'
type-format='category'
window-position=(26, 23)
window-size=(1176, 660)
